url_path,views_total,views_unique
/antonioscalaunina/ANTI-FASc/blob/main/Example1_Tohoku.md,10,4
/antonioscalaunina/ANTI-FASc/tree/main/utils,10,3
/antonioscalaunina/ANTI-FASc,9,6
/antonioscalaunina/ANTI-FASc/tree/main,3,2
/antonioscalaunina/ANTI-FASc/tree/main/preprocess,3,2
/antonioscalaunina/ANTI-FASc/wiki,3,2
/antonioscalaunina/ANTI-FASc/actions,3,1
/antonioscalaunina/ANTI-FASc/blob/main/src/Rupture_areas/dist_wh.m,3,1
/antonioscalaunina/ANTI-FASc/tree/github-repo-stats,3,1
/antonioscalaunina/ANTI-FASc/blob/github-repo-stats/antonioscalaunina/ANTI-FASc/latest-report/report.pdf,2,1
