referrer,views_total,views_unique
github.com,55,1
Google,4,1
